#node1	node2	node1_string_id	node2_string_id	node1_external_id	node2_external_id	neighborhood	fusion	cooccurence	homology	coexpression	experimental	knowledge	textmining	combined_score
CDKN2A	CDKN1A	1859838	1843736	ENSP00000394932	ENSP00000244741	0.000	0.000	0.000	0.000	0.000	0.808	0.900	0.973	0.999
H2AFX	AKT1	1856252	1846136	ENSP00000364310	ENSP00000270202	0.000	0.000	0.000	0.000	0.000	0.000	0.000	0.507	0.507
CDKN2A	AKT1	1859838	1846136	ENSP00000394932	ENSP00000270202	0.000	0.000	0.000	0.000	0.000	0.104	0.000	0.675	0.696
HIPK2	ATM	1859047	1846577	ENSP00000385571	ENSP00000278616	0.000	0.000	0.000	0.000	0.000	0.000	0.000	0.472	0.472
SP1	KAT2B	1851138	1845408	ENSP00000329357	ENSP00000263754	0.000	0.000	0.000	0.000	0.000	0.111	0.000	0.878	0.887
CDKN2A	HIF1A	1859838	1852062	ENSP00000394932	ENSP00000338018	0.000	0.000	0.000	0.000	0.000	0.576	0.000	0.404	0.736
GAB2	FRS2	1854264	1848041	ENSP00000354952	ENSP00000299293	0.000	0.000	0.000	0.000	0.000	0.000	0.900	0.238	0.920
MDM2	KAT2B	1861282	1845408	ENSP00000417281	ENSP00000263754	0.000	0.000	0.000	0.000	0.000	0.915	0.900	0.451	0.994
ATM	AKT1	1846577	1846136	ENSP00000278616	ENSP00000270202	0.000	0.000	0.000	0.000	0.000	0.000	0.000	0.686	0.686
TP53	KAT2B	1846083	1845408	ENSP00000269305	ENSP00000263754	0.000	0.000	0.000	0.000	0.000	0.999	0.900	0.963	0.999
SP1	EGFR	1851138	1846445	ENSP00000329357	ENSP00000275493	0.000	0.000	0.000	0.000	0.000	0.000	0.000	0.407	0.407
CREB1	STAT3	1859295	1845584	ENSP00000387699	ENSP00000264657	0.000	0.000	0.000	0.000	0.000	0.000	0.000	0.691	0.691
CREB1	SOS1	1859295	1858968	ENSP00000387699	ENSP00000384675	0.000	0.000	0.000	0.000	0.000	0.000	0.900	0.278	0.924
EGFR	CDKN1A	1846445	1843736	ENSP00000275493	ENSP00000244741	0.000	0.000	0.000	0.000	0.000	0.000	0.000	0.807	0.808
CDKN1A	CCND1	1843736	1843117	ENSP00000244741	ENSP00000227507	0.000	0.000	0.000	0.000	0.000	0.999	0.900	0.974	0.999
AKT1	GAB1	1846136	1845263	ENSP00000270202	ENSP00000262995	0.000	0.000	0.000	0.000	0.000	0.000	0.900	0.278	0.924
HIF1A	STAT3	1852062	1845584	ENSP00000338018	ENSP00000264657	0.000	0.000	0.000	0.000	0.000	0.808	0.000	0.913	0.982
MAPK8	SP1	1853988	1851138	ENSP00000353483	ENSP00000329357	0.000	0.000	0.000	0.000	0.000	0.592	0.900	0.864	0.993
BRCA1	CREB1	1861387	1859295	ENSP00000418960	ENSP00000387699	0.000	0.000	0.000	0.000	0.000	0.812	0.000	0.350	0.872
CHEK2	CCNE1	1857546	1845190	ENSP00000372023	ENSP00000262643	0.000	0.000	0.000	0.000	0.184	0.000	0.000	0.556	0.622
SRC	GRB2	1853652	1852164	ENSP00000350941	ENSP00000339007	0.000	0.000	0.000	0.768	0.114	0.949	0.900	0.988	0.996
STAT3	SIRT1	1845584	1842473	ENSP00000264657	ENSP00000212015	0.000	0.000	0.000	0.000	0.000	0.570	0.000	0.895	0.953
GAB2	STAT3	1854264	1845584	ENSP00000354952	ENSP00000264657	0.000	0.000	0.000	0.000	0.000	0.000	0.000	0.835	0.836
PCNA	ERBB2	1856984	1846101	ENSP00000368438	ENSP00000269571	0.000	0.000	0.000	0.000	0.000	0.000	0.000	0.601	0.601
USP7	TP53	1852711	1846083	ENSP00000343535	ENSP00000269305	0.000	0.000	0.000	0.000	0.000	0.999	0.900	0.912	0.999
SRC	CREBBP	1853652	1845124	ENSP00000350941	ENSP00000262367	0.000	0.000	0.000	0.000	0.000	0.819	0.000	0.592	0.923
SOS1	IGF1R	1858968	1845984	ENSP00000384675	ENSP00000268035	0.000	0.000	0.000	0.000	0.000	0.102	0.900	0.248	0.926
GAB2	EGFR	1854264	1846445	ENSP00000354952	ENSP00000275493	0.000	0.000	0.000	0.000	0.000	0.804	0.000	0.620	0.922
CDKN2A	ATM	1859838	1846577	ENSP00000394932	ENSP00000278616	0.000	0.000	0.000	0.000	0.000	0.076	0.000	0.700	0.710
CDK2	KAT2B	1845906	1845408	ENSP00000266970	ENSP00000263754	0.000	0.000	0.000	0.000	0.000	0.831	0.000	0.533	0.918
SRC	CDK4	1853652	1844551	ENSP00000350941	ENSP00000257904	0.000	0.000	0.371	0.644	0.000	0.107	0.000	0.925	0.473
MAPK8	AKT1	1853988	1846136	ENSP00000353483	ENSP00000270202	0.000	0.000	0.298	0.631	0.000	0.100	0.000	0.979	0.481
GAB2	MAPK8	1854264	1853988	ENSP00000354952	ENSP00000353483	0.000	0.000	0.000	0.000	0.000	0.000	0.000	0.834	0.834
MDM2	H2AFX	1861282	1856252	ENSP00000417281	ENSP00000364310	0.000	0.000	0.000	0.000	0.000	0.000	0.000	0.450	0.450
BRCA1	CREBBP	1861387	1845124	ENSP00000418960	ENSP00000262367	0.000	0.000	0.000	0.000	0.000	0.996	0.000	0.407	0.997
ATM	CDK4	1846577	1844551	ENSP00000278616	ENSP00000257904	0.000	0.000	0.000	0.000	0.000	0.000	0.900	0.728	0.971
MAPK8	HIF1A	1853988	1852062	ENSP00000353483	ENSP00000338018	0.000	0.000	0.000	0.000	0.000	0.000	0.000	0.443	0.443
MDM2	SP1	1861282	1851138	ENSP00000417281	ENSP00000329357	0.000	0.000	0.000	0.000	0.000	0.235	0.000	0.862	0.890
HIF1A	SP1	1852062	1851138	ENSP00000338018	ENSP00000329357	0.000	0.000	0.000	0.000	0.000	0.962	0.900	0.342	0.997
BRCA1	PCNA	1861387	1856984	ENSP00000418960	ENSP00000368438	0.000	0.000	0.000	0.000	0.000	0.000	0.900	0.658	0.964
KAT2B	CREBBP	1845408	1845124	ENSP00000263754	ENSP00000262367	0.000	0.000	0.000	0.000	0.000	0.991	0.900	0.949	0.999
CREBBP	CCND1	1845124	1843117	ENSP00000262367	ENSP00000227507	0.000	0.000	0.000	0.000	0.000	0.570	0.900	0.529	0.978
EGFR	LCP2	1846445	1842217	ENSP00000275493	ENSP00000046794	0.000	0.000	0.000	0.000	0.000	0.425	0.000	0.232	0.539
MDM2	CDK2	1861282	1845906	ENSP00000417281	ENSP00000266970	0.000	0.000	0.000	0.000	0.000	0.000	0.900	0.560	0.954
CDKN2A	IGF1R	1859838	1845984	ENSP00000394932	ENSP00000268035	0.000	0.000	0.000	0.000	0.000	0.110	0.000	0.395	0.438
SRC	EGFR	1853652	1846445	ENSP00000350941	ENSP00000275493	0.000	0.000	0.000	0.703	0.000	0.999	0.900	0.993	0.999
PCNA	H2AFX	1856984	1856252	ENSP00000368438	ENSP00000364310	0.000	0.000	0.000	0.000	0.112	0.000	0.000	0.698	0.720
IGF1R	CDKN1A	1845984	1843736	ENSP00000268035	ENSP00000244741	0.000	0.000	0.000	0.000	0.000	0.000	0.000	0.472	0.472
EGFR	CCNE1	1846445	1845190	ENSP00000275493	ENSP00000262643	0.000	0.000	0.000	0.000	0.000	0.000	0.000	0.424	0.424
ATM	ERBB2	1846577	1846101	ENSP00000278616	ENSP00000269571	0.000	0.000	0.000	0.000	0.000	0.000	0.000	0.500	0.499
EGFR	CBL	1846445	1845465	ENSP00000275493	ENSP00000264033	0.000	0.000	0.000	0.000	0.000	0.999	0.900	0.876	0.999
CHEK2	PCNA	1857546	1856984	ENSP00000372023	ENSP00000368438	0.000	0.000	0.000	0.000	0.094	0.562	0.000	0.768	0.900
SP1	CDK2	1851138	1845906	ENSP00000329357	ENSP00000266970	0.000	0.000	0.000	0.000	0.000	0.601	0.000	0.879	0.950
H2AFX	CDK4	1856252	1844551	ENSP00000364310	ENSP00000257904	0.000	0.000	0.000	0.000	0.080	0.108	0.900	0.446	0.948
CREB1	ERBB2	1859295	1846101	ENSP00000387699	ENSP00000269571	0.000	0.000	0.000	0.000	0.000	0.000	0.000	0.599	0.599
CDK2	STAT3	1845906	1845584	ENSP00000266970	ENSP00000264657	0.000	0.000	0.000	0.000	0.000	0.149	0.000	0.577	0.624
GRB2	IGF1R	1852164	1845984	ENSP00000339007	ENSP00000268035	0.000	0.000	0.000	0.000	0.000	0.149	0.900	0.936	0.994
ERBB2	CCND1	1846101	1843117	ENSP00000269571	ENSP00000227507	0.000	0.000	0.000	0.000	0.000	0.570	0.000	0.962	0.983
AKT1	ERBB2	1846136	1846101	ENSP00000270202	ENSP00000269571	0.000	0.000	0.000	0.619	0.000	0.000	0.000	0.990	0.402
AKT1	CDK4	1846136	1844551	ENSP00000270202	ENSP00000257904	0.000	0.000	0.399	0.651	0.000	0.164	0.000	0.953	0.514
SP1	STAT3	1851138	1845584	ENSP00000329357	ENSP00000264657	0.000	0.000	0.000	0.000	0.000	0.912	0.000	0.877	0.988
EP300	CCND1	1845316	1843117	ENSP00000263253	ENSP00000227507	0.000	0.000	0.000	0.000	0.000	0.809	0.900	0.650	0.992
CHEK2	EP300	1857546	1845316	ENSP00000372023	ENSP00000263253	0.000	0.000	0.000	0.000	0.000	0.093	0.000	0.502	0.529
CBL	LCP2	1845465	1842217	ENSP00000264033	ENSP00000046794	0.000	0.000	0.000	0.000	0.000	0.960	0.900	0.709	0.998
ATM	CCNE1	1846577	1845190	ENSP00000278616	ENSP00000262643	0.000	0.000	0.000	0.000	0.000	0.000	0.000	0.445	0.445
AKT1	CDKN1A	1846136	1843736	ENSP00000270202	ENSP00000244741	0.000	0.000	0.000	0.000	0.000	0.915	0.900	0.966	0.999
MDM2	CHEK2	1861282	1857546	ENSP00000417281	ENSP00000372023	0.000	0.000	0.000	0.000	0.000	0.914	0.900	0.923	0.999
MDM2	HIF1A	1861282	1852062	ENSP00000417281	ENSP00000338018	0.000	0.000	0.000	0.000	0.000	0.917	0.900	0.400	0.994
CREB1	SP1	1859295	1851138	ENSP00000387699	ENSP00000329357	0.000	0.000	0.000	0.000	0.000	0.107	0.000	0.563	0.593
GRB2	FRS2	1852164	1848041	ENSP00000339007	ENSP00000299293	0.000	0.000	0.000	0.000	0.000	0.999	0.900	0.946	0.999
EPS15	SRC	1855539	1853652	ENSP00000360798	ENSP00000350941	0.000	0.000	0.000	0.000	0.000	0.168	0.000	0.589	0.644
PCNA	CREBBP	1856984	1845124	ENSP00000368438	ENSP00000262367	0.000	0.000	0.000	0.000	0.000	0.000	0.000	0.412	0.412
EPS15	EGFR	1855539	1846445	ENSP00000360798	ENSP00000275493	0.000	0.000	0.000	0.000	0.000	0.996	0.900	0.977	0.999
ERBB2	PLCG1	1846101	1843693	ENSP00000269571	ENSP00000244007	0.000	0.000	0.000	0.000	0.000	0.880	0.800	0.360	0.983
USP7	STAT3	1852711	1845584	ENSP00000343535	ENSP00000264657	0.000	0.000	0.000	0.000	0.072	0.576	0.000	0.819	0.922
MAPK8	SIRT1	1853988	1842473	ENSP00000353483	ENSP00000212015	0.000	0.000	0.000	0.000	0.000	0.576	0.000	0.922	0.965
SOS1	CBL	1858968	1845465	ENSP00000384675	ENSP00000264033	0.000	0.000	0.000	0.000	0.000	0.574	0.900	0.492	0.976
IGF1R	STAT3	1845984	1845584	ENSP00000268035	ENSP00000264657	0.000	0.000	0.000	0.000	0.000	0.869	0.000	0.915	0.988
MDM2	TP53	1861282	1846083	ENSP00000417281	ENSP00000269305	0.000	0.000	0.000	0.000	0.167	0.999	0.900	0.981	0.999
SHC1	SRC	1860266	1853652	ENSP00000401303	ENSP00000350941	0.000	0.000	0.000	0.616	0.000	0.594	0.900	0.982	0.973
PCNA	ATM	1856984	1846577	ENSP00000368438	ENSP00000278616	0.000	0.000	0.000	0.000	0.000	0.000	0.000	0.762	0.762
TP53	CDK2	1846083	1845906	ENSP00000269305	ENSP00000266970	0.000	0.000	0.000	0.000	0.000	0.982	0.900	0.979	0.999
IRS1	TP53	1848682	1846083	ENSP00000304895	ENSP00000269305	0.000	0.000	0.000	0.000	0.000	0.000	0.000	0.534	0.534
AKT1	CBL	1846136	1845465	ENSP00000270202	ENSP00000264033	0.000	0.000	0.000	0.000	0.000	0.000	0.000	0.720	0.720
FRS2	PLCG1	1848041	1843693	ENSP00000299293	ENSP00000244007	0.000	0.000	0.000	0.000	0.000	0.000	0.900	0.300	0.927
MAPK8	CCND1	1853988	1843117	ENSP00000353483	ENSP00000227507	0.000	0.000	0.000	0.000	0.000	0.000	0.000	0.926	0.926
AKT1	KAT2B	1846136	1845408	ENSP00000270202	ENSP00000263754	0.000	0.000	0.000	0.000	0.000	0.595	0.000	0.878	0.948
KAT2B	CDK4	1845408	1844551	ENSP00000263754	ENSP00000257904	0.000	0.000	0.000	0.000	0.000	0.150	0.000	0.449	0.512
MDM2	AKT1	1861282	1846136	ENSP00000417281	ENSP00000270202	0.000	0.000	0.000	0.000	0.000	0.999	0.900	0.912	0.999
TP53	EP300	1846083	1845316	ENSP00000269305	ENSP00000263253	0.000	0.000	0.000	0.000	0.000	0.999	0.900	0.961	0.999
CDK2	CDKN1A	1845906	1843736	ENSP00000266970	ENSP00000244741	0.000	0.000	0.000	0.000	0.000	0.999	0.900	0.994	0.999
AKT1	LCP2	1846136	1842217	ENSP00000270202	ENSP00000046794	0.000	0.000	0.000	0.000	0.000	0.000	0.000	0.533	0.533
CREBBP	SIRT1	1845124	1842473	ENSP00000262367	ENSP00000212015	0.000	0.000	0.000	0.000	0.081	0.092	0.000	0.849	0.863
SHC1	HIF1A	1860266	1852062	ENSP00000401303	ENSP00000338018	0.000	0.000	0.000	0.000	0.000	0.576	0.000	0.204	0.648
GRB2	AKT1	1852164	1846136	ENSP00000339007	ENSP00000270202	0.000	0.000	0.000	0.000	0.000	0.000	0.900	0.880	0.987
SRC	CBL	1853652	1845465	ENSP00000350941	ENSP00000264033	0.000	0.000	0.000	0.000	0.000	0.999	0.900	0.833	0.999
BRCA1	USP7	1861387	1852711	ENSP00000418960	ENSP00000343535	0.000	0.000	0.000	0.000	0.000	0.000	0.000	0.862	0.862
HIF1A	ATM	1852062	1846577	ENSP00000338018	ENSP00000278616	0.000	0.000	0.000	0.000	0.000	0.576	0.000	0.874	0.944
EGFR	CCND1	1846445	1843117	ENSP00000275493	ENSP00000227507	0.000	0.000	0.000	0.000	0.000	0.000	0.000	0.963	0.963
MDM2	CREBBP	1861282	1845124	ENSP00000417281	ENSP00000262367	0.000	0.000	0.000	0.000	0.000	0.960	0.900	0.312	0.997
AKT1	PLCG1	1846136	1843693	ENSP00000270202	ENSP00000244007	0.000	0.000	0.000	0.000	0.000	0.576	0.000	0.547	0.799
PCNA	CDK2	1856984	1845906	ENSP00000368438	ENSP00000266970	0.000	0.000	0.000	0.000	0.697	0.972	0.900	0.977	0.999
CDKN2A	SRC	1859838	1853652	ENSP00000394932	ENSP00000350941	0.000	0.000	0.000	0.000	0.000	0.110	0.000	0.508	0.543
SPRY2	EGFR	1856611	1846445	ENSP00000366306	ENSP00000275493	0.000	0.000	0.000	0.000	0.000	0.594	0.900	0.869	0.994
H2AFX	MAPK8	1856252	1853988	ENSP00000364310	ENSP00000353483	0.000	0.000	0.000	0.000	0.000	0.913	0.000	0.855	0.987
GRB2	LCP2	1852164	1842217	ENSP00000339007	ENSP00000046794	0.000	0.000	0.000	0.000	0.000	0.999	0.900	0.953	0.999
CHEK2	CDK2	1857546	1845906	ENSP00000372023	ENSP00000266970	0.000	0.000	0.000	0.713	0.110	0.260	0.000	0.843	0.478
ATM	SIRT1	1846577	1842473	ENSP00000278616	ENSP00000212015	0.000	0.000	0.000	0.000	0.000	0.000	0.900	0.485	0.946
H2AFX	KAT2B	1856252	1845408	ENSP00000364310	ENSP00000263754	0.000	0.000	0.000	0.000	0.000	0.689	0.000	0.431	0.816
CDKN2A	EP300	1859838	1845316	ENSP00000394932	ENSP00000263253	0.000	0.000	0.000	0.000	0.000	0.566	0.000	0.530	0.787
BRCA1	ERBB2	1861387	1846101	ENSP00000418960	ENSP00000269571	0.000	0.000	0.000	0.000	0.000	0.000	0.000	0.813	0.813
PCNA	MAPK8	1856984	1853988	ENSP00000368438	ENSP00000353483	0.000	0.000	0.000	0.000	0.000	0.000	0.000	0.500	0.499
BRCA1	HIF1A	1861387	1852062	ENSP00000418960	ENSP00000338018	0.000	0.000	0.000	0.000	0.000	0.576	0.000	0.399	0.734
SRC	STAT3	1853652	1845584	ENSP00000350941	ENSP00000264657	0.000	0.000	0.000	0.000	0.000	0.996	0.900	0.981	0.999
EPS15	CBL	1855539	1845465	ENSP00000360798	ENSP00000264033	0.000	0.000	0.000	0.000	0.000	0.000	0.900	0.633	0.961
CHEK2	H2AFX	1857546	1856252	ENSP00000372023	ENSP00000364310	0.000	0.000	0.000	0.000	0.000	0.000	0.900	0.885	0.988
HIF1A	SIRT1	1852062	1842473	ENSP00000338018	ENSP00000212015	0.000	0.000	0.000	0.000	0.000	0.000	0.000	0.459	0.459
PCNA	CCND1	1856984	1843117	ENSP00000368438	ENSP00000227507	0.000	0.000	0.000	0.000	0.000	0.914	0.900	0.984	0.999
MAPK8	EGFR	1853988	1846445	ENSP00000353483	ENSP00000275493	0.000	0.000	0.000	0.622	0.000	0.425	0.000	0.939	0.628
CDKN2A	CDK4	1859838	1844551	ENSP00000394932	ENSP00000257904	0.000	0.000	0.000	0.000	0.000	0.999	0.900	0.993	0.999
CREB1	HIPK2	1859295	1859047	ENSP00000387699	ENSP00000385571	0.000	0.000	0.000	0.000	0.000	0.000	0.000	0.821	0.821
MDM2	EP300	1861282	1845316	ENSP00000417281	ENSP00000263253	0.000	0.000	0.000	0.000	0.000	0.982	0.900	0.585	0.999
CDK2	CDK4	1845906	1844551	ENSP00000266970	ENSP00000257904	0.000	0.000	0.524	0.922	0.000	0.109	0.900	0.971	0.917
CREB1	EP300	1859295	1845316	ENSP00000387699	ENSP00000263253	0.000	0.000	0.000	0.000	0.000	0.996	0.900	0.990	0.999
CDK2	EP300	1845906	1845316	ENSP00000266970	ENSP00000263253	0.000	0.000	0.000	0.000	0.000	0.768	0.000	0.844	0.962
GAB2	LCP2	1854264	1842217	ENSP00000354952	ENSP00000046794	0.000	0.000	0.000	0.000	0.000	0.000	0.000	0.417	0.416
CREB1	EGFR	1859295	1846445	ENSP00000387699	ENSP00000275493	0.000	0.000	0.000	0.000	0.000	0.000	0.000	0.943	0.943
GRB2	IRS1	1852164	1848682	ENSP00000339007	ENSP00000304895	0.000	0.000	0.000	0.000	0.000	0.993	0.900	0.990	0.999
HIF1A	KAT2B	1852062	1845408	ENSP00000338018	ENSP00000263754	0.000	0.000	0.000	0.000	0.000	0.808	0.000	0.302	0.860
AKT1	CDK2	1846136	1845906	ENSP00000270202	ENSP00000266970	0.000	0.000	0.329	0.691	0.000	0.164	0.000	0.975	0.469
SHC1	SIRT1	1860266	1842473	ENSP00000401303	ENSP00000212015	0.000	0.000	0.000	0.000	0.000	0.000	0.000	0.824	0.825
CCNE1	CDKN1A	1845190	1843736	ENSP00000262643	ENSP00000244741	0.000	0.000	0.000	0.000	0.000	0.999	0.900	0.912	0.999
BRCA1	MDM2	1861387	1861282	ENSP00000418960	ENSP00000417281	0.000	0.000	0.000	0.000	0.000	0.235	0.000	0.565	0.652
ATM	EP300	1846577	1845316	ENSP00000278616	ENSP00000263253	0.000	0.000	0.000	0.000	0.000	0.103	0.000	0.598	0.624
ERBB2	GAB1	1846101	1845263	ENSP00000269571	ENSP00000262995	0.000	0.000	0.000	0.000	0.000	0.000	0.000	0.742	0.742
FRS2	GAB1	1848041	1845263	ENSP00000299293	ENSP00000262995	0.000	0.000	0.000	0.000	0.000	0.576	0.900	0.842	0.992
CCNE1	CREBBP	1845190	1845124	ENSP00000262643	ENSP00000262367	0.000	0.000	0.000	0.000	0.000	0.576	0.000	0.285	0.683
ERBB2	STAT3	1846101	1845584	ENSP00000269571	ENSP00000264657	0.000	0.000	0.000	0.000	0.000	0.937	0.000	0.976	0.998
EGFR	PLCG1	1846445	1843693	ENSP00000275493	ENSP00000244007	0.000	0.000	0.000	0.000	0.000	0.999	0.900	0.907	0.999
SP1	CDK4	1851138	1844551	ENSP00000329357	ENSP00000257904	0.000	0.000	0.000	0.000	0.000	0.589	0.000	0.367	0.729
IRS1	EGFR	1848682	1846445	ENSP00000304895	ENSP00000275493	0.000	0.000	0.000	0.000	0.000	0.237	0.800	0.669	0.945
TP53	CDKN1A	1846083	1843736	ENSP00000269305	ENSP00000244741	0.000	0.000	0.000	0.000	0.000	0.999	0.900	0.981	0.999
CDK2	CCNE1	1845906	1845190	ENSP00000266970	ENSP00000262643	0.000	0.000	0.000	0.000	0.097	0.999	0.900	0.987	0.999
IRS1	CBL	1848682	1845465	ENSP00000304895	ENSP00000264033	0.000	0.000	0.000	0.000	0.000	0.576	0.900	0.609	0.981
SP1	EP300	1851138	1845316	ENSP00000329357	ENSP00000263253	0.000	0.000	0.000	0.000	0.000	0.999	0.900	0.519	0.999
USP7	CDK2	1852711	1845906	ENSP00000343535	ENSP00000266970	0.000	0.000	0.000	0.000	0.000	0.309	0.000	0.178	0.407
HIPK2	CDKN1A	1859047	1843736	ENSP00000385571	ENSP00000244741	0.000	0.000	0.000	0.000	0.000	0.679	0.000	0.345	0.780
MAPK8	ERBB2	1853988	1846101	ENSP00000353483	ENSP00000269571	0.000	0.000	0.000	0.000	0.000	0.000	0.900	0.516	0.949
ERBB2	CCNE1	1846101	1845190	ENSP00000269571	ENSP00000262643	0.000	0.000	0.000	0.000	0.000	0.000	0.000	0.460	0.461
HIF1A	CDKN1A	1852062	1843736	ENSP00000338018	ENSP00000244741	0.000	0.000	0.000	0.000	0.000	0.000	0.900	0.478	0.945
TP53	CREBBP	1846083	1845124	ENSP00000269305	ENSP00000262367	0.000	0.000	0.000	0.000	0.000	0.999	0.900	0.939	0.999
CREB1	SIRT1	1859295	1842473	ENSP00000387699	ENSP00000212015	0.000	0.000	0.000	0.000	0.000	0.430	0.000	0.545	0.730
EGFR	EP300	1846445	1845316	ENSP00000275493	ENSP00000263253	0.000	0.000	0.000	0.000	0.000	0.000	0.000	0.498	0.498
SHC1	GRB2	1860266	1852164	ENSP00000401303	ENSP00000339007	0.000	0.000	0.000	0.000	0.000	0.999	0.900	0.995	0.999
IRS1	SIRT1	1848682	1842473	ENSP00000304895	ENSP00000212015	0.000	0.000	0.000	0.000	0.000	0.807	0.000	0.472	0.893
MDM2	CDKN2A	1861282	1859838	ENSP00000417281	ENSP00000394932	0.000	0.000	0.000	0.000	0.000	0.999	0.900	0.962	0.999
GRB2	CBL	1852164	1845465	ENSP00000339007	ENSP00000264033	0.000	0.000	0.000	0.000	0.000	0.999	0.900	0.901	0.999
H2AFX	CDKN1A	1856252	1843736	ENSP00000364310	ENSP00000244741	0.000	0.000	0.000	0.000	0.000	0.000	0.000	0.634	0.634
SHC1	MAPK8	1860266	1853988	ENSP00000401303	ENSP00000353483	0.000	0.000	0.000	0.000	0.000	0.570	0.900	0.648	0.983
GRB2	CCND1	1852164	1843117	ENSP00000339007	ENSP00000227507	0.000	0.000	0.000	0.000	0.000	0.000	0.000	0.518	0.518
CDKN2A	SP1	1859838	1851138	ENSP00000394932	ENSP00000329357	0.000	0.000	0.000	0.000	0.000	0.598	0.900	0.320	0.970
MDM2	EGFR	1861282	1846445	ENSP00000417281	ENSP00000275493	0.000	0.000	0.000	0.000	0.000	0.000	0.800	0.513	0.898
H2AFX	EGFR	1856252	1846445	ENSP00000364310	ENSP00000275493	0.000	0.000	0.000	0.000	0.000	0.569	0.000	0.385	0.723
CHEK2	SIRT1	1857546	1842473	ENSP00000372023	ENSP00000212015	0.000	0.000	0.000	0.000	0.000	0.247	0.000	0.492	0.601
EP300	SIRT1	1845316	1842473	ENSP00000263253	ENSP00000212015	0.000	0.000	0.000	0.000	0.112	0.865	0.900	0.908	0.998
STAT3	KAT2B	1845584	1845408	ENSP00000264657	ENSP00000263754	0.000	0.000	0.000	0.000	0.000	0.000	0.000	0.413	0.412
ERBB2	TP53	1846101	1846083	ENSP00000269571	ENSP00000269305	0.000	0.000	0.000	0.000	0.000	0.000	0.000	0.974	0.974
SRC	ERBB2	1853652	1846101	ENSP00000350941	ENSP00000269571	0.000	0.000	0.000	0.716	0.000	0.984	0.900	0.981	0.998
ERBB2	CDKN1A	1846101	1843736	ENSP00000269571	ENSP00000244741	0.000	0.000	0.000	0.000	0.000	0.000	0.000	0.914	0.914
KAT2B	EP300	1845408	1845316	ENSP00000263754	ENSP00000263253	0.000	0.000	0.000	0.000	0.000	0.984	0.900	0.967	0.999
CHEK2	CDKN1A	1857546	1843736	ENSP00000372023	ENSP00000244741	0.000	0.000	0.000	0.000	0.000	0.000	0.000	0.937	0.937
CREB1	IRS1	1859295	1848682	ENSP00000387699	ENSP00000304895	0.000	0.000	0.000	0.000	0.000	0.000	0.000	0.512	0.512
GRB2	GAB1	1852164	1845263	ENSP00000339007	ENSP00000262995	0.000	0.000	0.000	0.000	0.000	0.999	0.900	0.864	0.999
CREB1	MAPK8	1859295	1853988	ENSP00000387699	ENSP00000353483	0.000	0.000	0.000	0.000	0.000	0.000	0.000	0.815	0.815
CHEK2	TP53	1857546	1846083	ENSP00000372023	ENSP00000269305	0.000	0.000	0.000	0.000	0.000	0.996	0.900	0.973	0.999
CREB1	CREBBP	1859295	1845124	ENSP00000387699	ENSP00000262367	0.000	0.000	0.000	0.000	0.000	0.999	0.900	0.992	0.999
SPRY2	CBL	1856611	1845465	ENSP00000366306	ENSP00000264033	0.000	0.000	0.000	0.000	0.000	0.999	0.900	0.894	0.999
MAPK8	STAT3	1853988	1845584	ENSP00000353483	ENSP00000264657	0.000	0.000	0.000	0.000	0.000	0.914	0.000	0.930	0.993
HIF1A	EGFR	1852062	1846445	ENSP00000338018	ENSP00000275493	0.000	0.000	0.000	0.000	0.000	0.000	0.000	0.918	0.918
GRB2	PLCG1	1852164	1843693	ENSP00000339007	ENSP00000244007	0.000	0.000	0.000	0.710	0.000	0.981	0.900	0.921	0.998
SPRY2	ERBB2	1856611	1846101	ENSP00000366306	ENSP00000269571	0.000	0.000	0.000	0.000	0.000	0.109	0.000	0.837	0.849
H2AFX	EP300	1856252	1845316	ENSP00000364310	ENSP00000263253	0.000	0.000	0.000	0.000	0.000	0.162	0.000	0.422	0.495
KAT2B	CCND1	1845408	1843117	ENSP00000263754	ENSP00000227507	0.000	0.000	0.000	0.000	0.000	0.576	0.900	0.898	0.995
CREB1	PLCG1	1859295	1843693	ENSP00000387699	ENSP00000244007	0.000	0.000	0.000	0.000	0.000	0.000	0.900	0.263	0.923
SOS1	FRS2	1858968	1848041	ENSP00000384675	ENSP00000299293	0.000	0.000	0.000	0.000	0.000	0.961	0.900	0.369	0.997
MAPK8	CDKN1A	1853988	1843736	ENSP00000353483	ENSP00000244741	0.000	0.000	0.000	0.000	0.000	0.808	0.900	0.910	0.998
SHC1	CDKN1A	1860266	1843736	ENSP00000401303	ENSP00000244741	0.000	0.000	0.000	0.000	0.000	0.000	0.000	0.405	0.405
MAPK8	CREBBP	1853988	1845124	ENSP00000353483	ENSP00000262367	0.000	0.000	0.000	0.000	0.000	0.000	0.000	0.527	0.527
MAPK8	SRC	1853988	1853652	ENSP00000353483	ENSP00000350941	0.000	0.000	0.361	0.627	0.000	0.149	0.900	0.911	0.948
CDK2	SIRT1	1845906	1842473	ENSP00000266970	ENSP00000212015	0.000	0.000	0.000	0.000	0.000	0.130	0.000	0.360	0.420
AKT1	EP300	1846136	1845316	ENSP00000270202	ENSP00000263253	0.000	0.000	0.000	0.000	0.000	0.963	0.900	0.810	0.999
HIF1A	EP300	1852062	1845316	ENSP00000338018	ENSP00000263253	0.000	0.000	0.000	0.000	0.000	0.999	0.900	0.914	0.999
SHC1	CDK2	1860266	1845906	ENSP00000401303	ENSP00000266970	0.000	0.000	0.000	0.000	0.000	0.000	0.000	0.418	0.418
CDK2	CCND1	1845906	1843117	ENSP00000266970	ENSP00000227507	0.000	0.000	0.000	0.000	0.000	0.985	0.720	0.992	0.999
AKT1	SIRT1	1846136	1842473	ENSP00000270202	ENSP00000212015	0.000	0.000	0.000	0.000	0.000	0.596	0.000	0.930	0.971
SOS1	EGFR	1858968	1846445	ENSP00000384675	ENSP00000275493	0.000	0.000	0.000	0.000	0.000	0.995	0.900	0.687	0.999
GAB2	PLCG1	1854264	1843693	ENSP00000354952	ENSP00000244007	0.000	0.000	0.000	0.000	0.000	0.567	0.000	0.194	0.636
SRC	FRS2	1853652	1848041	ENSP00000350941	ENSP00000299293	0.000	0.000	0.000	0.000	0.000	0.573	0.900	0.908	0.995
CREB1	AKT1	1859295	1846136	ENSP00000387699	ENSP00000270202	0.000	0.000	0.000	0.000	0.000	0.576	0.900	0.987	0.999
MDM2	CCND1	1861282	1843117	ENSP00000417281	ENSP00000227507	0.000	0.000	0.000	0.000	0.000	0.000	0.000	0.650	0.650
CDK4	SIRT1	1844551	1842473	ENSP00000257904	ENSP00000212015	0.000	0.000	0.000	0.000	0.000	0.130	0.000	0.739	0.763
SRC	GAB1	1853652	1845263	ENSP00000350941	ENSP00000262995	0.000	0.000	0.000	0.000	0.000	0.244	0.900	0.856	0.988
MDM2	IGF1R	1861282	1845984	ENSP00000417281	ENSP00000268035	0.000	0.000	0.000	0.000	0.000	0.974	0.800	0.357	0.996
IGF1R	CCND1	1845984	1843117	ENSP00000268035	ENSP00000227507	0.000	0.000	0.000	0.000	0.000	0.000	0.000	0.654	0.654
SRC	CDKN1A	1853652	1843736	ENSP00000350941	ENSP00000244741	0.000	0.000	0.000	0.000	0.000	0.000	0.000	0.581	0.581
BRCA1	CDKN2A	1861387	1859838	ENSP00000418960	ENSP00000394932	0.000	0.000	0.000	0.000	0.000	0.576	0.000	0.720	0.876
ATM	CDKN1A	1846577	1843736	ENSP00000278616	ENSP00000244741	0.000	0.000	0.000	0.000	0.000	0.000	0.900	0.755	0.974
EGFR	STAT3	1846445	1845584	ENSP00000275493	ENSP00000264657	0.000	0.000	0.000	0.000	0.000	0.999	0.900	0.985	0.999
CREB1	CDKN1A	1859295	1843736	ENSP00000387699	ENSP00000244741	0.000	0.000	0.000	0.000	0.000	0.000	0.900	0.541	0.952
GAB2	GRB2	1854264	1852164	ENSP00000354952	ENSP00000339007	0.000	0.000	0.000	0.000	0.000	0.999	0.900	0.960	0.999
SOS1	GAB1	1858968	1845263	ENSP00000384675	ENSP00000262995	0.000	0.000	0.000	0.000	0.000	0.883	0.900	0.381	0.992
MAPK8	EP300	1853988	1845316	ENSP00000353483	ENSP00000263253	0.000	0.000	0.000	0.000	0.000	0.000	0.900	0.558	0.953
CDKN2A	CDK2	1859838	1845906	ENSP00000394932	ENSP00000266970	0.000	0.000	0.000	0.000	0.000	0.451	0.000	0.974	0.985
SHC1	SP1	1860266	1851138	ENSP00000401303	ENSP00000329357	0.000	0.000	0.000	0.000	0.000	0.567	0.000	0.159	0.620
SRC	EP300	1853652	1845316	ENSP00000350941	ENSP00000263253	0.000	0.000	0.000	0.000	0.000	0.591	0.000	0.612	0.834
STAT3	CCND1	1845584	1843117	ENSP00000264657	ENSP00000227507	0.000	0.000	0.000	0.000	0.000	0.915	0.900	0.952	0.999
CREB1	ATM	1859295	1846577	ENSP00000387699	ENSP00000278616	0.000	0.000	0.000	0.000	0.000	0.808	0.000	0.959	0.991
SOS1	LCP2	1858968	1842217	ENSP00000384675	ENSP00000046794	0.000	0.000	0.000	0.000	0.000	0.000	0.900	0.340	0.931
CDKN2A	CCND1	1859838	1843117	ENSP00000394932	ENSP00000227507	0.000	0.000	0.000	0.000	0.000	0.803	0.900	0.972	0.999
CCNE1	CCND1	1845190	1843117	ENSP00000262643	ENSP00000227507	0.000	0.000	0.000	0.669	0.000	0.000	0.900	0.868	0.928
SRC	IGF1R	1853652	1845984	ENSP00000350941	ENSP00000268035	0.000	0.000	0.000	0.737	0.000	0.576	0.900	0.949	0.966
MAPK8	ATM	1853988	1846577	ENSP00000353483	ENSP00000278616	0.000	0.000	0.000	0.000	0.000	0.000	0.000	0.449	0.449
SHC1	IGF1R	1860266	1845984	ENSP00000401303	ENSP00000268035	0.000	0.000	0.000	0.000	0.000	0.996	0.900	0.978	0.999
IGF1R	PLCG1	1845984	1843693	ENSP00000268035	ENSP00000244007	0.000	0.000	0.000	0.000	0.000	0.115	0.800	0.239	0.853
KAT2B	PLCG1	1845408	1843693	ENSP00000263754	ENSP00000244007	0.000	0.000	0.000	0.000	0.000	0.286	0.000	0.197	0.402
TP53	SIRT1	1846083	1842473	ENSP00000269305	ENSP00000212015	0.000	0.000	0.000	0.000	0.000	0.999	0.900	0.943	0.999
CREB1	PCNA	1859295	1856984	ENSP00000387699	ENSP00000368438	0.000	0.000	0.000	0.000	0.000	0.000	0.000	0.535	0.535
CDKN2A	MAPK8	1859838	1853988	ENSP00000394932	ENSP00000353483	0.000	0.000	0.000	0.000	0.000	0.567	0.000	0.384	0.722
CDKN2A	STAT3	1859838	1845584	ENSP00000394932	ENSP00000264657	0.000	0.000	0.000	0.000	0.000	0.000	0.000	0.512	0.512
CREB1	TP53	1859295	1846083	ENSP00000387699	ENSP00000269305	0.000	0.000	0.000	0.000	0.000	0.972	0.000	0.938	0.998
BRCA1	CDKN1A	1861387	1843736	ENSP00000418960	ENSP00000244741	0.000	0.000	0.000	0.000	0.000	0.567	0.000	0.633	0.834
HIF1A	CCND1	1852062	1843117	ENSP00000338018	ENSP00000227507	0.000	0.000	0.000	0.000	0.000	0.000	0.000	0.548	0.548
CDKN2A	CHEK2	1859838	1857546	ENSP00000394932	ENSP00000372023	0.000	0.000	0.000	0.000	0.000	0.119	0.000	0.607	0.639
CHEK2	CDK4	1857546	1844551	ENSP00000372023	ENSP00000257904	0.000	0.000	0.000	0.672	0.000	0.260	0.000	0.765	0.443
SRC	CCND1	1853652	1843117	ENSP00000350941	ENSP00000227507	0.000	0.000	0.000	0.000	0.000	0.564	0.000	0.944	0.975
SRC	PLCG1	1853652	1843693	ENSP00000350941	ENSP00000244007	0.000	0.000	0.000	0.615	0.000	0.808	0.900	0.657	0.984
HIPK2	HIF1A	1859047	1852062	ENSP00000385571	ENSP00000338018	0.000	0.000	0.000	0.000	0.083	0.000	0.000	0.847	0.853
HIPK2	CREBBP	1859047	1845124	ENSP00000385571	ENSP00000262367	0.000	0.000	0.000	0.000	0.073	0.576	0.000	0.384	0.737
SHC1	CBL	1860266	1845465	ENSP00000401303	ENSP00000264033	0.000	0.000	0.000	0.000	0.000	0.999	0.900	0.794	0.999
TP53	CCNE1	1846083	1845190	ENSP00000269305	ENSP00000262643	0.000	0.000	0.000	0.000	0.000	0.000	0.000	0.770	0.770
SRC	HIF1A	1853652	1852062	ENSP00000350941	ENSP00000338018	0.000	0.000	0.000	0.000	0.000	0.566	0.000	0.913	0.961
ATM	CREBBP	1846577	1845124	ENSP00000278616	ENSP00000262367	0.000	0.000	0.000	0.000	0.000	0.103	0.000	0.411	0.449
IRS1	FRS2	1848682	1848041	ENSP00000304895	ENSP00000299293	0.000	0.000	0.000	0.000	0.000	0.000	0.000	0.447	0.447
BRCA1	H2AFX	1861387	1856252	ENSP00000418960	ENSP00000364310	0.000	0.000	0.000	0.000	0.000	0.999	0.900	0.814	0.999
BRCA1	EGFR	1861387	1846445	ENSP00000418960	ENSP00000275493	0.000	0.000	0.000	0.000	0.000	0.000	0.000	0.700	0.700
SHC1	GAB1	1860266	1845263	ENSP00000401303	ENSP00000262995	0.000	0.000	0.000	0.000	0.080	0.925	0.900	0.507	0.996
SPRY2	FRS2	1856611	1848041	ENSP00000366306	ENSP00000299293	0.000	0.000	0.000	0.000	0.000	0.570	0.900	0.447	0.974
KAT2B	CDKN1A	1845408	1843736	ENSP00000263754	ENSP00000244741	0.000	0.000	0.000	0.000	0.000	0.000	0.000	0.898	0.898
MAPK8	TP53	1853988	1846083	ENSP00000353483	ENSP00000269305	0.000	0.000	0.000	0.000	0.000	0.999	0.900	0.942	0.999
SHC1	ERBB2	1860266	1846101	ENSP00000401303	ENSP00000269571	0.000	0.000	0.000	0.000	0.000	0.990	0.900	0.908	0.999
SHC1	GAB2	1860266	1854264	ENSP00000401303	ENSP00000354952	0.000	0.000	0.000	0.000	0.080	0.961	0.900	0.905	0.999
EPS15	GRB2	1855539	1852164	ENSP00000360798	ENSP00000339007	0.000	0.000	0.000	0.000	0.000	0.834	0.900	0.903	0.998
CDKN2A	CCNE1	1859838	1845190	ENSP00000394932	ENSP00000262643	0.000	0.000	0.000	0.000	0.000	0.566	0.000	0.608	0.822
PCNA	CDKN1A	1856984	1843736	ENSP00000368438	ENSP00000244741	0.000	0.000	0.000	0.000	0.000	0.999	0.900	0.962	0.999
BRCA1	IGF1R	1861387	1845984	ENSP00000418960	ENSP00000268035	0.000	0.000	0.000	0.000	0.000	0.000	0.000	0.466	0.465
PCNA	EP300	1856984	1845316	ENSP00000368438	ENSP00000263253	0.000	0.000	0.000	0.000	0.000	0.962	0.000	0.534	0.981
CDKN2A	ERBB2	1859838	1846101	ENSP00000394932	ENSP00000269571	0.000	0.000	0.000	0.000	0.000	0.099	0.000	0.655	0.676
PCNA	AKT1	1856984	1846136	ENSP00000368438	ENSP00000270202	0.000	0.000	0.000	0.000	0.000	0.000	0.000	0.715	0.715
STAT3	CDKN1A	1845584	1843736	ENSP00000264657	ENSP00000244741	0.000	0.000	0.000	0.000	0.000	0.937	0.000	0.921	0.994
AKT1	STAT3	1846136	1845584	ENSP00000270202	ENSP00000264657	0.000	0.000	0.000	0.000	0.000	0.000	0.000	0.973	0.974
PCNA	EGFR	1856984	1846445	ENSP00000368438	ENSP00000275493	0.000	0.000	0.000	0.000	0.000	0.576	0.000	0.719	0.876
SOS1	AKT1	1858968	1846136	ENSP00000384675	ENSP00000270202	0.000	0.000	0.000	0.000	0.000	0.254	0.900	0.554	0.963
GAB2	GAB1	1854264	1845263	ENSP00000354952	ENSP00000262995	0.000	0.000	0.000	0.852	0.000	0.570	0.900	0.403	0.957
CCNE1	CDK4	1845190	1844551	ENSP00000262643	ENSP00000257904	0.000	0.000	0.000	0.000	0.000	0.693	0.800	0.938	0.995
CREB1	HIF1A	1859295	1852062	ENSP00000387699	ENSP00000338018	0.000	0.000	0.000	0.000	0.000	0.000	0.900	0.653	0.963
HIF1A	IGF1R	1852062	1845984	ENSP00000338018	ENSP00000268035	0.000	0.000	0.000	0.000	0.000	0.000	0.000	0.463	0.463
CREB1	GRB2	1859295	1852164	ENSP00000387699	ENSP00000339007	0.000	0.000	0.000	0.000	0.000	0.000	0.900	0.524	0.950
SP1	CDKN1A	1851138	1843736	ENSP00000329357	ENSP00000244741	0.000	0.000	0.000	0.000	0.000	0.567	0.900	0.908	0.995
GAB2	ERBB2	1854264	1846101	ENSP00000354952	ENSP00000269571	0.000	0.000	0.000	0.000	0.000	0.000	0.000	0.611	0.611
TP53	IGF1R	1846083	1845984	ENSP00000269305	ENSP00000268035	0.000	0.000	0.000	0.000	0.000	0.567	0.000	0.941	0.973
SOS1	IRS1	1858968	1848682	ENSP00000384675	ENSP00000304895	0.000	0.000	0.000	0.000	0.000	0.000	0.900	0.346	0.931
MDM2	CDKN1A	1861282	1843736	ENSP00000417281	ENSP00000244741	0.000	0.000	0.000	0.000	0.000	0.997	0.000	0.731	0.999
SRC	AKT1	1853652	1846136	ENSP00000350941	ENSP00000270202	0.000	0.000	0.378	0.622	0.000	0.868	0.900	0.987	0.992
SRC	TP53	1853652	1846083	ENSP00000350941	ENSP00000269305	0.000	0.000	0.000	0.000	0.000	0.000	0.000	0.811	0.811
MAPK8	GRB2	1853988	1852164	ENSP00000353483	ENSP00000339007	0.000	0.000	0.000	0.000	0.000	0.000	0.000	0.653	0.653
GAB2	SRC	1854264	1853652	ENSP00000354952	ENSP00000350941	0.000	0.000	0.000	0.000	0.000	0.586	0.000	0.897	0.955
SPRY2	GRB2	1856611	1852164	ENSP00000366306	ENSP00000339007	0.000	0.000	0.000	0.000	0.000	0.992	0.900	0.971	0.999
AKT1	CREBBP	1846136	1845124	ENSP00000270202	ENSP00000262367	0.000	0.000	0.000	0.000	0.000	0.823	0.900	0.897	0.998
HIPK2	KAT2B	1859047	1845408	ENSP00000385571	ENSP00000263754	0.000	0.000	0.000	0.000	0.000	0.569	0.000	0.393	0.727
CDKN2A	PCNA	1859838	1856984	ENSP00000394932	ENSP00000368438	0.000	0.000	0.000	0.000	0.000	0.254	0.000	0.659	0.734
ERBB2	CBL	1846101	1845465	ENSP00000269571	ENSP00000264033	0.000	0.000	0.000	0.000	0.000	0.849	0.000	0.776	0.964
EP300	CDK4	1845316	1844551	ENSP00000263253	ENSP00000257904	0.000	0.000	0.000	0.000	0.000	0.099	0.900	0.693	0.969
GAB2	CBL	1854264	1845465	ENSP00000354952	ENSP00000264033	0.000	0.000	0.000	0.000	0.000	0.000	0.000	0.471	0.471
CDKN1A	SIRT1	1843736	1842473	ENSP00000244741	ENSP00000212015	0.000	0.000	0.000	0.000	0.000	0.000	0.900	0.504	0.948
TP53	CBL	1846083	1845465	ENSP00000269305	ENSP00000264033	0.000	0.000	0.000	0.000	0.000	0.000	0.000	0.472	0.472
EGFR	AKT1	1846445	1846136	ENSP00000275493	ENSP00000270202	0.000	0.000	0.000	0.617	0.000	0.425	0.000	0.994	0.644
STAT3	EP300	1845584	1845316	ENSP00000264657	ENSP00000263253	0.000	0.000	0.000	0.000	0.000	0.992	0.900	0.795	0.999
BRCA1	EP300	1861387	1845316	ENSP00000418960	ENSP00000263253	0.000	0.000	0.000	0.000	0.000	0.983	0.000	0.568	0.992
MDM2	HIPK2	1861282	1859047	ENSP00000417281	ENSP00000385571	0.000	0.000	0.000	0.000	0.000	0.912	0.000	0.500	0.954
MAPK8	GAB1	1853988	1845263	ENSP00000353483	ENSP00000262995	0.000	0.000	0.000	0.000	0.000	0.000	0.900	0.070	0.903
CREB1	SRC	1859295	1853652	ENSP00000387699	ENSP00000350941	0.000	0.000	0.000	0.000	0.000	0.000	0.000	0.774	0.774
BRCA1	CHEK2	1861387	1857546	ENSP00000418960	ENSP00000372023	0.000	0.000	0.000	0.000	0.000	0.992	0.900	0.973	0.999
SPRY2	EPS15	1856611	1855539	ENSP00000366306	ENSP00000360798	0.000	0.000	0.000	0.000	0.000	0.000	0.900	0.152	0.911
SPRY2	HIF1A	1856611	1852062	ENSP00000366306	ENSP00000338018	0.000	0.000	0.000	0.000	0.000	0.000	0.000	0.469	0.470
CDKN2A	SIRT1	1859838	1842473	ENSP00000394932	ENSP00000212015	0.000	0.000	0.000	0.000	0.000	0.129	0.000	0.431	0.483
SPRY2	SRC	1856611	1853652	ENSP00000366306	ENSP00000350941	0.000	0.000	0.000	0.000	0.000	0.087	0.900	0.833	0.983
EGFR	IGF1R	1846445	1845984	ENSP00000275493	ENSP00000268035	0.000	0.000	0.000	0.625	0.000	0.819	0.000	0.969	0.884
EGFR	CREBBP	1846445	1845124	ENSP00000275493	ENSP00000262367	0.000	0.000	0.000	0.000	0.000	0.000	0.000	0.426	0.426
STAT3	CDK4	1845584	1844551	ENSP00000264657	ENSP00000257904	0.000	0.000	0.000	0.000	0.000	0.149	0.000	0.578	0.626
EGFR	ERBB2	1846445	1846101	ENSP00000275493	ENSP00000269571	0.000	0.000	0.000	0.947	0.000	0.999	0.900	0.988	0.999
CBL	PLCG1	1845465	1843693	ENSP00000264033	ENSP00000244007	0.000	0.000	0.000	0.000	0.000	0.999	0.900	0.471	0.999
HIF1A	CREBBP	1852062	1845124	ENSP00000338018	ENSP00000262367	0.000	0.000	0.000	0.000	0.000	0.998	0.900	0.871	0.999
MAPK8	CBL	1853988	1845465	ENSP00000353483	ENSP00000264033	0.000	0.000	0.000	0.000	0.000	0.810	0.000	0.384	0.878
BRCA1	STAT3	1861387	1845584	ENSP00000418960	ENSP00000264657	0.000	0.000	0.000	0.000	0.000	0.576	0.000	0.424	0.745
PLCG1	LCP2	1843693	1842217	ENSP00000244007	ENSP00000046794	0.000	0.000	0.000	0.617	0.000	0.982	0.900	0.957	0.998
GRB2	STAT3	1852164	1845584	ENSP00000339007	ENSP00000264657	0.000	0.000	0.000	0.000	0.000	0.000	0.900	0.705	0.969
CDKN2A	H2AFX	1859838	1856252	ENSP00000394932	ENSP00000364310	0.000	0.000	0.000	0.000	0.000	0.000	0.000	0.530	0.530
AKT1	IGF1R	1846136	1845984	ENSP00000270202	ENSP00000268035	0.000	0.000	0.000	0.617	0.000	0.227	0.000	0.987	0.519
TP53	CDK4	1846083	1844551	ENSP00000269305	ENSP00000257904	0.000	0.000	0.000	0.000	0.000	0.000	0.000	0.988	0.988
PCNA	KAT2B	1856984	1845408	ENSP00000368438	ENSP00000263754	0.000	0.000	0.000	0.000	0.000	0.573	0.000	0.447	0.753
HIPK2	TP53	1859047	1846083	ENSP00000385571	ENSP00000269305	0.000	0.000	0.000	0.000	0.000	0.998	0.900	0.952	0.999
ATM	EGFR	1846577	1846445	ENSP00000278616	ENSP00000275493	0.000	0.000	0.000	0.000	0.000	0.000	0.000	0.505	0.505
SHC1	EGFR	1860266	1846445	ENSP00000401303	ENSP00000275493	0.000	0.000	0.000	0.000	0.000	0.999	0.900	0.989	0.999
CREBBP	CDKN1A	1845124	1843736	ENSP00000262367	ENSP00000244741	0.000	0.000	0.000	0.000	0.000	0.860	0.000	0.530	0.931
CREB1	KAT2B	1859295	1845408	ENSP00000387699	ENSP00000263754	0.000	0.000	0.000	0.000	0.000	0.000	0.000	0.802	0.802
CDKN2A	TP53	1859838	1846083	ENSP00000394932	ENSP00000269305	0.000	0.000	0.000	0.000	0.000	0.997	0.900	0.981	0.999
MAPK8	IGF1R	1853988	1845984	ENSP00000353483	ENSP00000268035	0.000	0.000	0.000	0.000	0.000	0.107	0.000	0.514	0.548
SP1	AKT1	1851138	1846136	ENSP00000329357	ENSP00000270202	0.000	0.000	0.000	0.000	0.000	0.101	0.000	0.557	0.585
IRS1	CCND1	1848682	1843117	ENSP00000304895	ENSP00000227507	0.000	0.000	0.000	0.000	0.000	0.000	0.000	0.518	0.518
ATM	CDK2	1846577	1845906	ENSP00000278616	ENSP00000266970	0.000	0.000	0.000	0.000	0.000	0.071	0.900	0.838	0.983
GAB1	PLCG1	1845263	1843693	ENSP00000262995	ENSP00000244007	0.000	0.000	0.000	0.000	0.000	0.825	0.900	0.101	0.982
ERBB2	EP300	1846101	1845316	ENSP00000269571	ENSP00000263253	0.000	0.000	0.000	0.000	0.000	0.000	0.000	0.527	0.527
STAT3	CBL	1845584	1845465	ENSP00000264657	ENSP00000264033	0.000	0.000	0.000	0.000	0.000	0.000	0.000	0.500	0.499
CREB1	CCND1	1859295	1843117	ENSP00000387699	ENSP00000227507	0.000	0.000	0.000	0.000	0.000	0.000	0.900	0.929	0.992
SOS1	GAB2	1858968	1854264	ENSP00000384675	ENSP00000354952	0.000	0.000	0.000	0.000	0.000	0.000	0.900	0.306	0.927
KAT2B	SIRT1	1845408	1842473	ENSP00000263754	ENSP00000212015	0.000	0.000	0.000	0.000	0.000	0.668	0.900	0.948	0.998
CDKN2A	EGFR	1859838	1846445	ENSP00000394932	ENSP00000275493	0.000	0.000	0.000	0.000	0.000	0.099	0.000	0.715	0.733
HIPK2	EP300	1859047	1845316	ENSP00000385571	ENSP00000263253	0.000	0.000	0.000	0.000	0.073	0.569	0.000	0.477	0.773
GAB2	AKT1	1854264	1846136	ENSP00000354952	ENSP00000270202	0.000	0.000	0.000	0.000	0.000	0.566	0.900	0.507	0.976
PCNA	CCNE1	1856984	1845190	ENSP00000368438	ENSP00000262643	0.000	0.000	0.000	0.000	0.115	0.000	0.900	0.542	0.955
PCNA	CDK4	1856984	1844551	ENSP00000368438	ENSP00000257904	0.000	0.000	0.000	0.000	0.168	0.916	0.900	0.891	0.999
MDM2	CDK4	1861282	1844551	ENSP00000417281	ENSP00000257904	0.000	0.000	0.000	0.000	0.000	0.000	0.000	0.757	0.757
CHEK2	ATM	1857546	1846577	ENSP00000372023	ENSP00000278616	0.000	0.000	0.000	0.000	0.000	0.994	0.900	0.994	0.999
SOS1	PLCG1	1858968	1843693	ENSP00000384675	ENSP00000244007	0.000	0.000	0.000	0.000	0.000	0.925	0.900	0.393	0.995
GRB2	CDK2	1852164	1845906	ENSP00000339007	ENSP00000266970	0.000	0.000	0.000	0.000	0.000	0.000	0.000	0.418	0.418
CDK2	CREBBP	1845906	1845124	ENSP00000266970	ENSP00000262367	0.000	0.000	0.000	0.000	0.000	0.725	0.000	0.784	0.938
SOS1	SRC	1858968	1853652	ENSP00000384675	ENSP00000350941	0.000	0.000	0.000	0.000	0.000	0.227	0.900	0.640	0.969
IRS1	IGF1R	1848682	1845984	ENSP00000304895	ENSP00000268035	0.000	0.000	0.000	0.000	0.000	0.989	0.900	0.988	0.999
SP1	CREBBP	1851138	1845124	ENSP00000329357	ENSP00000262367	0.000	0.000	0.000	0.000	0.000	0.824	0.900	0.472	0.989
HIF1A	ERBB2	1852062	1846101	ENSP00000338018	ENSP00000269571	0.000	0.000	0.000	0.000	0.000	0.000	0.000	0.915	0.915
GRB2	TP53	1852164	1846083	ENSP00000339007	ENSP00000269305	0.000	0.000	0.000	0.000	0.000	0.353	0.000	0.567	0.707
HIF1A	AKT1	1852062	1846136	ENSP00000338018	ENSP00000270202	0.000	0.000	0.000	0.000	0.000	0.102	0.900	0.976	0.997
BRCA1	CDK4	1861387	1844551	ENSP00000418960	ENSP00000257904	0.000	0.000	0.000	0.000	0.000	0.916	0.900	0.518	0.995
SOS1	SPRY2	1858968	1856611	ENSP00000384675	ENSP00000366306	0.000	0.000	0.000	0.000	0.000	0.337	0.900	0.194	0.941
TP53	CCND1	1846083	1843117	ENSP00000269305	ENSP00000227507	0.000	0.000	0.000	0.000	0.000	0.000	0.000	0.979	0.979
BRCA1	ATM	1861387	1846577	ENSP00000418960	ENSP00000278616	0.000	0.000	0.000	0.000	0.000	0.994	0.900	0.972	0.999
SP1	TP53	1851138	1846083	ENSP00000329357	ENSP00000269305	0.000	0.000	0.000	0.000	0.000	0.999	0.900	0.910	0.999
EP300	CREBBP	1845316	1845124	ENSP00000263253	ENSP00000262367	0.000	0.000	0.000	0.954	0.000	0.922	0.900	0.909	0.992
USP7	RCHY1	1852711	1850323	ENSP00000343535	ENSP00000321239	0.000	0.000	0.000	0.000	0.065	0.000	0.000	0.472	0.485
USP7	ATM	1852711	1846577	ENSP00000343535	ENSP00000278616	0.000	0.000	0.000	0.000	0.090	0.000	0.000	0.413	0.443
EP300	CDKN1A	1845316	1843736	ENSP00000263253	ENSP00000244741	0.000	0.000	0.000	0.000	0.000	0.914	0.900	0.658	0.996
H2AFX	TP53	1856252	1846083	ENSP00000364310	ENSP00000269305	0.000	0.000	0.000	0.000	0.000	0.576	0.000	0.826	0.923
ERBB2	IGF1R	1846101	1845984	ENSP00000269571	ENSP00000268035	0.000	0.000	0.000	0.624	0.000	0.591	0.000	0.955	0.737
BRCA1	SIRT1	1861387	1842473	ENSP00000418960	ENSP00000212015	0.000	0.000	0.000	0.000	0.000	0.673	0.000	0.393	0.793
BRCA1	KAT2B	1861387	1845408	ENSP00000418960	ENSP00000263754	0.000	0.000	0.000	0.000	0.000	0.000	0.000	0.420	0.420
BRCA1	TP53	1861387	1846083	ENSP00000418960	ENSP00000269305	0.000	0.000	0.000	0.000	0.000	0.999	0.900	0.974	0.999
BRCA1	SP1	1861387	1851138	ENSP00000418960	ENSP00000329357	0.000	0.000	0.000	0.000	0.000	0.917	0.000	0.325	0.941
SOS1	ERBB2	1858968	1846101	ENSP00000384675	ENSP00000269571	0.000	0.000	0.000	0.000	0.000	0.564	0.900	0.448	0.973
PCNA	SRC	1856984	1853652	ENSP00000368438	ENSP00000350941	0.000	0.000	0.000	0.000	0.000	0.000	0.000	0.535	0.535
SOS1	GRB2	1858968	1852164	ENSP00000384675	ENSP00000339007	0.000	0.000	0.000	0.000	0.000	0.999	0.900	0.987	0.999
PCNA	SIRT1	1856984	1842473	ENSP00000368438	ENSP00000212015	0.000	0.000	0.000	0.000	0.000	0.255	0.000	0.336	0.484
EGFR	GAB1	1846445	1845263	ENSP00000275493	ENSP00000262995	0.000	0.000	0.000	0.000	0.000	0.976	0.900	0.960	0.999
BRCA1	AKT1	1861387	1846136	ENSP00000418960	ENSP00000270202	0.000	0.000	0.000	0.000	0.000	0.917	0.000	0.580	0.963
BRCA1	CCNE1	1861387	1845190	ENSP00000418960	ENSP00000262643	0.000	0.000	0.000	0.000	0.000	0.556	0.900	0.471	0.974
SHC1	TP53	1860266	1846083	ENSP00000401303	ENSP00000269305	0.000	0.000	0.000	0.000	0.000	0.000	0.000	0.900	0.900
PCNA	HIF1A	1856984	1852062	ENSP00000368438	ENSP00000338018	0.000	0.000	0.000	0.000	0.000	0.000	0.000	0.423	0.422
GRB2	EP300	1852164	1845316	ENSP00000339007	ENSP00000263253	0.000	0.000	0.000	0.000	0.000	0.298	0.000	0.235	0.440
CHEK2	KAT2B	1857546	1845408	ENSP00000372023	ENSP00000263754	0.000	0.000	0.000	0.000	0.000	0.623	0.000	0.890	0.957
MDM2	PCNA	1861282	1856984	ENSP00000417281	ENSP00000368438	0.000	0.000	0.000	0.000	0.000	0.853	0.000	0.508	0.924
BRCA1	CCND1	1861387	1843117	ENSP00000418960	ENSP00000227507	0.000	0.000	0.000	0.000	0.000	0.811	0.000	0.648	0.930
GRB2	ERBB2	1852164	1846101	ENSP00000339007	ENSP00000269571	0.000	0.000	0.000	0.000	0.000	0.997	0.900	0.978	0.999
AKT1	CCNE1	1846136	1845190	ENSP00000270202	ENSP00000262643	0.000	0.000	0.000	0.000	0.000	0.000	0.000	0.872	0.872
SRC	KAT2B	1853652	1845408	ENSP00000350941	ENSP00000263754	0.000	0.000	0.000	0.000	0.000	0.602	0.000	0.504	0.794
CDK4	CCND1	1844551	1843117	ENSP00000257904	ENSP00000227507	0.000	0.000	0.000	0.000	0.000	0.999	0.900	0.995	0.999
CREB1	IGF1R	1859295	1845984	ENSP00000387699	ENSP00000268035	0.000	0.000	0.000	0.000	0.000	0.000	0.000	0.610	0.610
MDM2	ATM	1861282	1846577	ENSP00000417281	ENSP00000278616	0.000	0.000	0.000	0.000	0.000	0.812	0.900	0.937	0.998
SP1	CCND1	1851138	1843117	ENSP00000329357	ENSP00000227507	0.000	0.000	0.000	0.000	0.000	0.576	0.000	0.506	0.781
ATM	KAT2B	1846577	1845408	ENSP00000278616	ENSP00000263754	0.000	0.000	0.000	0.000	0.000	0.103	0.000	0.553	0.582
PCNA	TP53	1856984	1846083	ENSP00000368438	ENSP00000269305	0.000	0.000	0.000	0.000	0.000	0.572	0.900	0.973	0.998
EGFR	TP53	1846445	1846083	ENSP00000275493	ENSP00000269305	0.000	0.000	0.000	0.000	0.000	0.000	0.900	0.974	0.997
CDK4	CDKN1A	1844551	1843736	ENSP00000257904	ENSP00000244741	0.000	0.000	0.000	0.000	0.000	0.999	0.900	0.974	0.999
MDM2	RCHY1	1861282	1850323	ENSP00000417281	ENSP00000321239	0.000	0.000	0.000	0.000	0.000	0.805	0.000	0.567	0.912
SHC1	AKT1	1860266	1846136	ENSP00000401303	ENSP00000270202	0.000	0.000	0.000	0.000	0.000	0.000	0.900	0.876	0.987
MAPK8	IRS1	1853988	1848682	ENSP00000353483	ENSP00000304895	0.000	0.000	0.000	0.000	0.000	0.917	0.800	0.979	0.999
HIF1A	TP53	1852062	1846083	ENSP00000338018	ENSP00000269305	0.000	0.000	0.000	0.000	0.000	0.963	0.900	0.948	0.999
CHEK2	CCND1	1857546	1843117	ENSP00000372023	ENSP00000227507	0.000	0.000	0.000	0.000	0.100	0.000	0.000	0.582	0.607
RCHY1	TP53	1850323	1846083	ENSP00000321239	ENSP00000269305	0.000	0.000	0.000	0.000	0.000	0.999	0.900	0.909	0.999
IGF1R	CBL	1845984	1845465	ENSP00000268035	ENSP00000264033	0.000	0.000	0.000	0.000	0.000	0.574	0.800	0.390	0.943
IRS1	STAT3	1848682	1845584	ENSP00000304895	ENSP00000264657	0.000	0.000	0.000	0.000	0.000	0.000	0.000	0.923	0.923
H2AFX	SIRT1	1856252	1842473	ENSP00000364310	ENSP00000212015	0.000	0.000	0.000	0.000	0.000	0.149	0.000	0.426	0.491
EPS15	ERBB2	1855539	1846101	ENSP00000360798	ENSP00000269571	0.000	0.000	0.000	0.000	0.000	0.573	0.000	0.765	0.895
BRCA1	CDK2	1861387	1845906	ENSP00000418960	ENSP00000266970	0.000	0.000	0.000	0.000	0.000	0.914	0.900	0.580	0.996
AKT1	TP53	1846136	1846083	ENSP00000270202	ENSP00000269305	0.000	0.000	0.000	0.000	0.000	0.000	0.000	0.974	0.975
ATM	IGF1R	1846577	1845984	ENSP00000278616	ENSP00000268035	0.000	0.000	0.000	0.000	0.000	0.000	0.000	0.872	0.872
CREB1	CDK4	1859295	1844551	ENSP00000387699	ENSP00000257904	0.000	0.000	0.000	0.000	0.000	0.000	0.000	0.600	0.600
CHEK2	RCHY1	1857546	1850323	ENSP00000372023	ENSP00000321239	0.000	0.000	0.000	0.000	0.000	0.564	0.000	0.866	0.939
H2AFX	CDK2	1856252	1845906	ENSP00000364310	ENSP00000266970	0.000	0.000	0.000	0.000	0.000	0.149	0.900	0.593	0.962
SHC1	CREB1	1860266	1859295	ENSP00000401303	ENSP00000387699	0.000	0.000	0.000	0.000	0.000	0.000	0.900	0.529	0.950
IRS1	ERBB2	1848682	1846101	ENSP00000304895	ENSP00000269571	0.000	0.000	0.000	0.000	0.000	0.216	0.000	0.521	0.608
BRCA1	SRC	1861387	1853652	ENSP00000418960	ENSP00000350941	0.000	0.000	0.000	0.000	0.000	0.567	0.000	0.471	0.761
MDM2	ERBB2	1861282	1846101	ENSP00000417281	ENSP00000269571	0.000	0.000	0.000	0.000	0.000	0.000	0.000	0.509	0.509
ATM	CCND1	1846577	1843117	ENSP00000278616	ENSP00000227507	0.000	0.000	0.000	0.000	0.000	0.000	0.000	0.918	0.919
H2AFX	ATM	1856252	1846577	ENSP00000364310	ENSP00000278616	0.000	0.000	0.000	0.000	0.000	0.996	0.900	0.982	0.999
ATM	TP53	1846577	1846083	ENSP00000278616	ENSP00000269305	0.000	0.000	0.000	0.000	0.000	0.999	0.900	0.974	0.999
SRC	IRS1	1853652	1848682	ENSP00000350941	ENSP00000304895	0.000	0.000	0.000	0.000	0.000	0.104	0.000	0.979	0.980
SHC1	STAT3	1860266	1845584	ENSP00000401303	ENSP00000264657	0.000	0.000	0.000	0.000	0.000	0.000	0.000	0.653	0.653
H2AFX	CCND1	1856252	1843117	ENSP00000364310	ENSP00000227507	0.000	0.000	0.000	0.000	0.000	0.000	0.000	0.474	0.474
CREBBP	CDK4	1845124	1844551	ENSP00000262367	ENSP00000257904	0.000	0.000	0.000	0.000	0.000	0.099	0.900	0.595	0.960
IRS1	AKT1	1848682	1846136	ENSP00000304895	ENSP00000270202	0.000	0.000	0.000	0.000	0.000	0.576	0.000	0.992	0.996
SHC1	FRS2	1860266	1848041	ENSP00000401303	ENSP00000299293	0.000	0.000	0.000	0.000	0.000	0.000	0.900	0.679	0.966
CCND1	SIRT1	1843117	1842473	ENSP00000227507	ENSP00000212015	0.000	0.000	0.000	0.000	0.000	0.000	0.000	0.480	0.480
PCNA	STAT3	1856984	1845584	ENSP00000368438	ENSP00000264657	0.000	0.000	0.000	0.000	0.000	0.000	0.000	0.539	0.539
SHC1	PLCG1	1860266	1843693	ENSP00000401303	ENSP00000244007	0.000	0.000	0.000	0.000	0.000	0.812	0.000	0.547	0.911
MDM2	USP7	1861282	1852711	ENSP00000417281	ENSP00000343535	0.000	0.000	0.000	0.000	0.000	0.999	0.900	0.912	0.999
SHC1	SOS1	1860266	1858968	ENSP00000401303	ENSP00000384675	0.000	0.000	0.000	0.000	0.000	0.998	0.900	0.951	0.999
SHC1	LCP2	1860266	1842217	ENSP00000401303	ENSP00000046794	0.000	0.000	0.000	0.000	0.000	0.571	0.000	0.913	0.961
AKT1	CCND1	1846136	1843117	ENSP00000270202	ENSP00000227507	0.000	0.000	0.000	0.000	0.000	0.000	0.000	0.976	0.977
SHC1	SPRY2	1860266	1856611	ENSP00000401303	ENSP00000366306	0.000	0.000	0.000	0.000	0.000	0.290	0.900	0.163	0.935
FRS2	AKT1	1848041	1846136	ENSP00000299293	ENSP00000270202	0.000	0.000	0.000	0.000	0.000	0.000	0.000	0.501	0.501
TP53	STAT3	1846083	1845584	ENSP00000269305	ENSP00000264657	0.000	0.000	0.000	0.000	0.000	0.000	0.000	0.964	0.965
SRC	SP1	1853652	1851138	ENSP00000350941	ENSP00000329357	0.000	0.000	0.000	0.000	0.065	0.260	0.000	0.436	0.576
SHC1	CCND1	1860266	1843117	ENSP00000401303	ENSP00000227507	0.000	0.000	0.000	0.000	0.000	0.000	0.000	0.531	0.531
EPS15	IGF1R	1855539	1845984	ENSP00000360798	ENSP00000268035	0.000	0.000	0.000	0.000	0.000	0.079	0.800	0.166	0.832
SRC	LCP2	1853652	1842217	ENSP00000350941	ENSP00000046794	0.000	0.000	0.000	0.000	0.000	0.569	0.000	0.733	0.880
SRC	ATM	1853652	1846577	ENSP00000350941	ENSP00000278616	0.000	0.000	0.000	0.000	0.000	0.000	0.000	0.758	0.758
GRB2	EGFR	1852164	1846445	ENSP00000339007	ENSP00000275493	0.000	0.000	0.000	0.000	0.000	0.999	0.900	0.990	0.999
CREB1	CDK2	1859295	1845906	ENSP00000387699	ENSP00000266970	0.000	0.000	0.000	0.000	0.000	0.000	0.000	0.675	0.675
SHC1	IRS1	1860266	1848682	ENSP00000401303	ENSP00000304895	0.000	0.000	0.000	0.000	0.000	0.576	0.900	0.967	0.998
FRS2	CBL	1848041	1845465	ENSP00000299293	ENSP00000264033	0.000	0.000	0.000	0.000	0.000	0.808	0.900	0.457	0.988
STAT3	CREBBP	1845584	1845124	ENSP00000264657	ENSP00000262367	0.000	0.000	0.000	0.000	0.000	0.913	0.900	0.891	0.998
PCNA	IGF1R	1856984	1845984	ENSP00000368438	ENSP00000268035	0.000	0.000	0.000	0.000	0.000	0.000	0.000	0.505	0.505
IGF1R	SIRT1	1845984	1842473	ENSP00000268035	ENSP00000212015	0.000	0.000	0.000	0.000	0.000	0.000	0.000	0.452	0.452
